"batch","modName"
"0","./modsDDFlatT45N150A0-1AS2K0.1//datGen_xi0.927_zeta0.374.rda"
"0","./modsDDFlatT45N150A0-1AS2K0.1//datGen_xi1.393_zeta0.359.rda"
"0","./modsDDFlatT45N150A0-1AS2K0.1//datGen_xi2.21_zeta0.333.rda"
"0","./modsDDFlatT45N150A0-1AS2K0.1//datGen_xi2.747_zeta0.322.rda"
"0","./modsDDFlatT45N150A0-1AS2K0.1//datGen_xi1.627_zeta0.348.rda"
"0","./modsDDFlatT45N150A0-1AS2K0.1//datGen_xi1.02_zeta0.451.rda"
"0","./modsDDFlatT45N150A0-1AS2K0.1//datGen_xi1.253_zeta0.392.rda"
"0","./modsDDFlatT45N150A0-1AS2K0.1//datGen_xi1.37_zeta0.238.rda"
"0","./modsDDFlatT45N150A0-1AS2K0.1//datGen_xi2.63_zeta0.337.rda"
"0","./modsDDFlatT45N150A0-1AS2K0.1//datGen_xi0.343_zeta0.385.rda"
"0","./modsDDFlatT45N150A0-1AS2K0.1//datGen_xi2.77_zeta0.344.rda"
"0","./modsDDFlatT45N150A0-1AS2K0.1//datGen_xi2.793_zeta0.341.rda"
"0","./modsDDFlatT45N150A0-1AS2K0.1//datGen_xi0.857_zeta0.608.rda"
"0","./modsDDFlatT45N150A0-1AS2K0.1//datGen_xi1.347_zeta0.597.rda"
"0","./modsDDFlatT45N150A0-1AS2K0.1//datGen_xi0.577_zeta0.366.rda"
"0","./modsDDFlatT45N150A0-1AS2K0.1//datGen_xi0.647_zeta0.363.rda"
"0","./modsDDFlatT45N150A0-1AS2K0.1//datGen_xi0.367_zeta0.37.rda"
"0","./modsDDFlatT45N150A0-1AS2K0.1//datGen_xi2.373_zeta0.352.rda"
"0","./modsDDFlatT45N150A0-1AS2K0.1//datGen_xi1.603_zeta0.355.rda"
"0","./modsDDFlatT45N150A0-1AS2K0.1//datGen_xi1.44_zeta0.315.rda"
"0","./modsDDFlatT45N150A0-1AS2K0.1//datGen_xi2.84_zeta0.3.rda"
"0","./modsDDFlatT45N150A0-1AS2K0.1//datGen_xi1.277_zeta0.26.rda"
"0","./modsDDFlatT45N150A0-1AS2K0.1//datGen_xi2.98_zeta0.634.rda"
"0","./modsDDFlatT45N150A0-1AS2K0.1//datGen_xi2.49_zeta0.33.rda"
"0","./modsDDFlatT45N150A0-1AS2K0.1//datGen_xi2.607_zeta0.311.rda"
"0","./modsDDFlatT45N150A0-1AS2K0.1//datGen_xi2.467_zeta0.319.rda"
"0","./modsDDFlatT45N150A0-1AS2K0.1//datGen_xi1.3_zeta0.671.rda"
"0","./modsDDFlatT45N150A0-1AS2K0.1//datGen_xi2_zeta0.326.rda"
"0","./modsDDFlatT45N150A0-1AS2K0.1//datGen_xi0.46_zeta0.381.rda"
"0","./modsDDFlatT45N150A0-1AS2K0.1//datGen_xi1.72_zeta0.41.rda"
"0","./modsDDFlatT45N150A0-1AS2K0.1//datGen_xi3.19_zeta0.506.rda"
"0","./modsDDFlatT45N150A0-1AS2K0.1//datGen_xi1.557_zeta0.377.rda"
"0","./modsDDFlatT45N150A0-1AS2K0.1//datGen_xi0.483_zeta0.396.rda"
"0","./modsDDFlatT45N150A0-1AS2K0.1//datGen_xi3.307_zeta0.443.rda"
"0","./modsDDFlatT45N150A0-1AS2K0.1//datGen_xi3.097_zeta0.667.rda"
"0","./modsDDFlatT45N150A0-1AS2K0.1//datGen_xi3.003_zeta0.583.rda"
"0","./modsDDFlatT45N150A0-1AS2K0.1//datGen_xi1.463_zeta0.418.rda"
"0","./modsDDFlatT45N150A0-1AS2K0.1//datGen_xi3.587_zeta0.194.rda"
"0","./modsDDFlatT45N150A0-1AS2K0.1//datGen_xi2.397_zeta0.308.rda"
"0","./modsDDFlatT45N150A0-1AS2K0.1//datGen_xi2.257_zeta0.267.rda"
"0","./modsDDFlatT45N150A0-1AS2K0.1//datGen_xi3.12_zeta0.19.rda"
"0","./modsDDFlatT45N150A0-1AS2K0.1//datGen_xi3.05_zeta0.289.rda"
"0","./modsDDFlatT45N150A0-1AS2K0.1//datGen_xi0.297_zeta0.421.rda"
"0","./modsDDFlatT45N150A0-1AS2K0.1//datGen_xi2.817_zeta0.594.rda"
"0","./modsDDFlatT45N150A0-1AS2K0.1//datGen_xi1.953_zeta0.293.rda"
"0","./modsDDFlatT45N150A0-1AS2K0.1//datGen_xi1.09_zeta0.66.rda"
"0","./modsDDFlatT45N150A0-1AS2K0.1//datGen_xi2.023_zeta0.429.rda"
"0","./modsDDFlatT45N150A0-1AS2K0.1//datGen_xi0.763_zeta0.388.rda"
"0","./modsDDFlatT45N150A0-1AS2K0.1//datGen_xi2.187_zeta0.407.rda"
"0","./modsDDFlatT45N150A0-1AS2K0.1//datGen_xi2.233_zeta0.297.rda"
"0","./modsDDFlatT45N150A0-1AS2K0.1//datGen_xi3.143_zeta0.63.rda"
"0","./modsDDFlatT45N150A0-1AS2K0.1//datGen_xi3.237_zeta0.561.rda"
"0","./modsDDFlatT45N150A0-1AS2K0.1//datGen_xi1.743_zeta0.282.rda"
"0","./modsDDFlatT45N150A0-1AS2K0.1//datGen_xi0.74_zeta0.399.rda"
"0","./modsDDFlatT45N150A0-1AS2K0.1//datGen_xi0.833_zeta0.663.rda"
"0","./modsDDFlatT45N150A0-1AS2K0.1//datGen_xi1.58_zeta0.271.rda"
"0","./modsDDFlatT45N150A0-1AS2K0.1//datGen_xi2.117_zeta0.275.rda"
"0","./modsDDFlatT45N150A0-1AS2K0.1//datGen_xi0.693_zeta0.55.rda"
"0","./modsDDFlatT45N150A0-1AS2K0.1//datGen_xi2.07_zeta0.304.rda"
"0","./modsDDFlatT45N150A0-1AS2K0.1//datGen_xi3.33_zeta0.476.rda"
"0","./modsDDFlatT45N150A0-1AS2K0.1//datGen_xi1.86_zeta0.414.rda"
"0","./modsDDFlatT45N150A0-1AS2K0.1//datGen_xi1.533_zeta0.253.rda"
"0","./modsDDFlatT45N150A0-1AS2K0.1//datGen_xi0.273_zeta0.432.rda"
"0","./modsDDFlatT45N150A0-1AS2K0.1//datGen_xi2.7_zeta0.256.rda"
"0","./modsDDFlatT45N150A0-1AS2K0.1//datGen_xi1.767_zeta0.403.rda"
"0","./modsDDFlatT45N150A0-1AS2K0.1//datGen_xi2.863_zeta0.183.rda"
"0","./modsDDFlatT45N150A0-1AS2K0.1//datGen_xi1.207_zeta0.484.rda"
"0","./modsDDFlatT45N150A0-1AS2K0.1//datGen_xi2.56_zeta0.487.rda"
"0","./modsDDFlatT45N150A0-1AS2K0.1//datGen_xi2.35_zeta0.286.rda"
"0","./modsDDFlatT45N150A0-1AS2K0.1//datGen_xi3.61_zeta0.601.rda"
"0","./modsDDFlatT45N150A0-1AS2K0.1//datGen_xi0.413_zeta0.436.rda"
"0","./modsDDFlatT45N150A0-1AS2K0.1//datGen_xi3.26_zeta0.168.rda"
"0","./modsDDFlatT45N150A0-1AS2K0.1//datGen_xi3.47_zeta0.535.rda"
"0","./modsDDFlatT45N150A0-1AS2K0.1//datGen_xi3.563_zeta0.495.rda"
"0","./modsDDFlatT45N150A0-1AS2K0.1//datGen_xi2.42_zeta0.278.rda"
"0","./modsDDFlatT45N150A0-1AS2K0.1//datGen_xi1.51_zeta0.454.rda"
"0","./modsDDFlatT45N150A0-1AS2K0.1//datGen_xi2.513_zeta0.48.rda"
"0","./modsDDFlatT45N150A0-1AS2K0.1//datGen_xi2.163_zeta0.44.rda"
"0","./modsDDFlatT45N150A0-1AS2K0.1//datGen_xi1.067_zeta0.502.rda"
"0","./modsDDFlatT45N150A0-1AS2K0.1//datGen_xi1.697_zeta0.22.rda"
"0","./modsDDFlatT45N150A0-1AS2K0.1//datGen_xi1.977_zeta0.462.rda"
"0","./modsDDFlatT45N150A0-1AS2K0.1//datGen_xi2.933_zeta0.539.rda"
"0","./modsDDFlatT45N150A0-1AS2K0.1//datGen_xi0.787_zeta0.447.rda"
"0","./modsDDFlatT45N150A0-1AS2K0.1//datGen_xi2.093_zeta0.242.rda"
"0","./modsDDFlatT45N150A0-1AS2K0.1//datGen_xi3.4_zeta0.616.rda"
"0","./modsDDFlatT45N150A0-1AS2K0.1//datGen_xi1.487_zeta0.513.rda"
"0","./modsDDFlatT45N150A0-1AS2K0.1//datGen_xi3.517_zeta0.542.rda"
"0","./modsDDFlatT45N150A0-1AS2K0.1//datGen_xi0.973_zeta0.469.rda"
"0","./modsDDFlatT45N150A0-1AS2K0.1//datGen_xi2.887_zeta0.209.rda"
"0","./modsDDFlatT45N150A0-1AS2K0.1//datGen_xi0.81_zeta0.674.rda"
"0","./modsDDFlatT45N150A0-1AS2K0.1//datGen_xi0.623_zeta0.531.rda"
"0","./modsDDFlatT45N150A0-1AS2K0.1//datGen_xi1.323_zeta0.638.rda"
"0","./modsDDFlatT45N150A0-1AS2K0.1//datGen_xi2.327_zeta0.223.rda"
"0","./modsDDFlatT45N150A0-1AS2K0.1//datGen_xi1.883_zeta0.425.rda"
"0","./modsDDFlatT45N150A0-1AS2K0.1//datGen_xi0.67_zeta0.465.rda"
"0","./modsDDFlatT45N150A0-1AS2K0.1//datGen_xi1.837_zeta0.458.rda"
"0","./modsDDFlatT45N150A0-1AS2K0.1//datGen_xi2.957_zeta0.227.rda"
"0","./modsDDFlatT45N150A0-1AS2K0.1//datGen_xi0.717_zeta0.509.rda"
"0","./modsDDFlatT45N150A0-1AS2K0.1//datGen_xi3.377_zeta0.685.rda"
"0","./modsDDFlatT45N150A0-1AS2K0.1//datGen_xi2.047_zeta0.231.rda"
"0","./modsDDFlatT45N150A0-1AS2K0.1//datGen_xi0.88_zeta0.564.rda"
"0","./modsDDFlatT45N150A0-1AS2K0.1//datGen_xi0.6_zeta0.473.rda"
"0","./modsDDFlatT45N150A0-1AS2K0.1//datGen_xi0.53_zeta0.546.rda"
"0","./modsDDFlatT45N150A0-1AS2K0.1//datGen_xi3.633_zeta0.216.rda"
"0","./modsDDFlatT45N150A0-1AS2K0.1//datGen_xi2.723_zeta0.264.rda"
"0","./modsDDFlatT45N150A0-1AS2K0.1//datGen_xi2.14_zeta0.249.rda"
"0","./modsDDFlatT45N150A0-1AS2K0.1//datGen_xi3.073_zeta0.656.rda"
"0","./modsDDFlatT45N150A0-1AS2K0.1//datGen_xi3.703_zeta0.557.rda"
"0","./modsDDFlatT45N150A0-1AS2K0.1//datGen_xi2.28_zeta0.645.rda"
"0","./modsDDFlatT45N150A0-1AS2K0.1//datGen_xi3.167_zeta0.52.rda"
"0","./modsDDFlatT45N150A0-1AS2K0.1//datGen_xi1.65_zeta0.575.rda"
"0","./modsDDFlatT45N150A0-1AS2K0.1//datGen_xi3.657_zeta0.623.rda"
"0","./modsDDFlatT45N150A0-1AS2K0.1//datGen_xi3.54_zeta0.176.rda"
"0","./modsDDFlatT45N150A0-1AS2K0.1//datGen_xi0.437_zeta0.568.rda"
"0","./modsDDFlatT45N150A0-1AS2K0.1//datGen_xi0.997_zeta0.572.rda"
"0","./modsDDFlatT45N150A0-1AS2K0.1//datGen_xi3.213_zeta0.201.rda"
"0","./modsDDFlatT45N150A0-1AS2K0.1//datGen_xi3.353_zeta0.234.rda"
"0","./modsDDFlatT45N150A0-1AS2K0.1//datGen_xi1.417_zeta0.579.rda"
"0","./modsDDFlatT45N150A0-1AS2K0.1//datGen_xi0.553_zeta0.498.rda"
"0","./modsDDFlatT45N150A0-1AS2K0.1//datGen_xi1.93_zeta0.198.rda"
"0","./modsDDFlatT45N150A0-1AS2K0.1//datGen_xi3.493_zeta0.172.rda"
"0","./modsDDFlatT45N150A0-1AS2K0.1//datGen_xi3.447_zeta0.154.rda"
"0","./modsDDFlatT45N150A0-1AS2K0.1//datGen_xi3.027_zeta0.161.rda"
"0","./modsDDFlatT45N150A0-1AS2K0.1//datGen_xi1.23_zeta0.491.rda"
"0","./modsDDFlatT45N150A0-1AS2K0.1//datGen_xi2.583_zeta0.165.rda"
"0","./modsDDFlatT45N150A0-1AS2K0.1//datGen_xi0.903_zeta0.641.rda"
"0","./modsDDFlatT45N150A0-1AS2K0.1//datGen_xi1.907_zeta0.205.rda"
"0","./modsDDFlatT45N150A0-1AS2K0.1//datGen_xi2.653_zeta0.553.rda"
"0","./modsDDFlatT45N150A0-1AS2K0.1//datGen_xi1.79_zeta0.212.rda"
"0","./modsDDFlatT45N150A0-1AS2K0.1//datGen_xi1.113_zeta0.245.rda"
"0","./modsDDFlatT45N150A0-1AS2K0.1//datGen_xi3.423_zeta0.682.rda"
"0","./modsDDFlatT45N150A0-1AS2K0.1//datGen_xi0.507_zeta0.627.rda"
"0","./modsDDFlatT45N150A0-1AS2K0.1//datGen_xi3.727_zeta0.187.rda"
"0","./modsDDFlatT45N150A0-1AS2K0.1//datGen_xi2.303_zeta0.612.rda"
"0","./modsDDFlatT45N150A0-1AS2K0.1//datGen_xi3.283_zeta0.517.rda"
"0","./modsDDFlatT45N150A0-1AS2K0.1//datGen_xi1.043_zeta0.619.rda"
"0","./modsDDFlatT45N150A0-1AS2K0.1//datGen_xi1.673_zeta0.528.rda"
"0","./modsDDFlatT45N150A0-1AS2K0.1//datGen_xi0.39_zeta0.524.rda"
"0","./modsDDFlatT45N150A0-1AS2K0.1//datGen_xi2.537_zeta0.179.rda"
"0","./modsDDFlatT45N150A0-1AS2K0.1//datGen_xi1.137_zeta0.649.rda"
"0","./modsDDFlatT45N150A0-1AS2K0.1//datGen_xi3.68_zeta0.157.rda"
"0","./modsDDFlatT45N150A0-1AS2K0.1//datGen_xi2.91_zeta0.586.rda"
"0","./modsDDFlatT45N150A0-1AS2K0.1//datGen_xi1.813_zeta0.652.rda"
"0","./modsDDFlatT45N150A0-1AS2K0.1//datGen_xi1.183_zeta0.59.rda"
"0","./modsDDFlatT45N150A0-1AS2K0.1//datGen_xi2.677_zeta0.605.rda"
"0","./modsDDFlatT45N150A0-1AS2K0.1//datGen_xi0.95_zeta0.678.rda"
"0","./modsDDFlatT45N150A0-1AS2K0.1//datGen_xi1.16_zeta0.689.rda"
"0","./modsDDFlatT45N150A0-1AS2K0.1//datGen_xi0.32_zeta0.693.rda"
"0","./modsDDFlatT45N150A0-1AS2K0.1//datGen_xi0.25_zeta0.696.rda"
"1","./modsDDFlatT45N150A0-1AS2K0.1N28//datGen_xi3.59_zeta0.23.rda"
"1","./modsDDFlatT45N150A0-1AS2K0.1N28//datGen_xi3.44_zeta0.42.rda"
"1","./modsDDFlatT45N150A0-1AS2K0.1N28//datGen_xi2.97_zeta0.37.rda"
"1","./modsDDFlatT45N150A0-1AS2K0.1N28//datGen_xi3.12_zeta0.28.rda"
"1","./modsDDFlatT45N150A0-1AS2K0.1N28//datGen_xi3.28_zeta0.32.rda"
"2","./modsDDFlatT45N150A0-1AS2K0.1N28//datGen_xi2.48_zeta0.46.rda"
"2","./modsDDFlatT45N150A0-1AS2K0.1N28//datGen_xi1.88_zeta0.52.rda"
"2","./modsDDFlatT45N150A0-1AS2K0.1N28//datGen_xi2.08_zeta0.49.rda"
"2","./modsDDFlatT45N150A0-1AS2K0.1N28//datGen_xi1.68_zeta0.55.rda"
"2","./modsDDFlatT45N150A0-1AS2K0.1N28//datGen_xi2.28_zeta0.59.rda"
"3","./modsDDFlatT45N150A0-1AS2K0.1N28//datGen_xi2.94_zeta0.61.rda"
"3","./modsDDFlatT45N150A0-1AS2K0.1N28//datGen_xi2.57_zeta0.63.rda"
"3","./modsDDFlatT45N150A0-1AS2K0.1N28//datGen_xi2.39_zeta0.65.rda"
"3","./modsDDFlatT45N150A0-1AS2K0.1N28//datGen_xi2.76_zeta0.67.rda"
"3","./modsDDFlatT45N150A0-1AS2K0.1N28//datGen_xi2.2_zeta0.68.rda"
"4","./modsDDFlatT45N150A0-1AS2K0.1N28//datGen_xi0.55_zeta0.34.rda"
"4","./modsDDFlatT45N150A0-1AS2K0.1N28//datGen_xi1.09_zeta0.31.rda"
"4","./modsDDFlatT45N150A0-1AS2K0.1N28//datGen_xi0.37_zeta0.28.rda"
"4","./modsDDFlatT45N150A0-1AS2K0.1N28//datGen_xi0.73_zeta0.26.rda"
"4","./modsDDFlatT45N150A0-1AS2K0.1N28//datGen_xi0.91_zeta0.23.rda"
"5","./modsDDFlatT45N150A0-1AS2K0.1N28//datGen_xi2.9_zeta0.45.rda"
"5","./modsDDFlatT45N150A0-1AS2K0.1N28//datGen_xi2.72_zeta0.34.rda"
"5","./modsDDFlatT45N150A0-1AS2K0.1N28//datGen_xi2.19_zeta0.37.rda"
"5","./modsDDFlatT45N150A0-1AS2K0.1N28//datGen_xi2.55_zeta0.42.rda"
"5","./modsDDFlatT45N150A0-1AS2K0.1N28//datGen_xi2.37_zeta0.4.rda"
"6","./modsDDFlatT45N150A0-1AS2K0.1N28//datGen_xi3.58_zeta0.28.rda"
"6","./modsDDFlatT45N150A0-1AS2K0.1N28//datGen_xi3.5_zeta0.31.rda"
"6","./modsDDFlatT45N150A0-1AS2K0.1N28//datGen_xi3.67_zeta0.36.rda"
"6","./modsDDFlatT45N150A0-1AS2K0.1N28//datGen_xi3.33_zeta0.26.rda"
"6","./modsDDFlatT45N150A0-1AS2K0.1N28//datGen_xi3.41_zeta0.33.rda"
"7","./modsDDFlatT45N150A0-1AS2K0.1N28//datGen_xi2.19_zeta0.59.rda"
"7","./modsDDFlatT45N150A0-1AS2K0.1N28//datGen_xi2.48_zeta0.5.rda"
"7","./modsDDFlatT45N150A0-1AS2K0.1N28//datGen_xi1.89_zeta0.55.rda"
"7","./modsDDFlatT45N150A0-1AS2K0.1N28//datGen_xi2.33_zeta0.52.rda"
"7","./modsDDFlatT45N150A0-1AS2K0.1N28//datGen_xi2.04_zeta0.57.rda"
"8","./modsDDFlatT45N150A0-1AS2K0.1N28//datGen_xi2.2_zeta0.22.rda"
"8","./modsDDFlatT45N150A0-1AS2K0.1N28//datGen_xi2.47_zeta0.2.rda"
"8","./modsDDFlatT45N150A0-1AS2K0.1N28//datGen_xi2.33_zeta0.17.rda"
"8","./modsDDFlatT45N150A0-1AS2K0.1N28//datGen_xi2.6_zeta0.15.rda"
"8","./modsDDFlatT45N150A0-1AS2K0.1N28//datGen_xi2.73_zeta0.18.rda"
"9","./modsDDFlatT45N150A0-1AS2K0.1N28//datGen_xi0.76_zeta0.35.rda"
"9","./modsDDFlatT45N150A0-1AS2K0.1N28//datGen_xi1.02_zeta0.33.rda"
"9","./modsDDFlatT45N150A0-1AS2K0.1N28//datGen_xi0.63_zeta0.31.rda"
"9","./modsDDFlatT45N150A0-1AS2K0.1N28//datGen_xi0.89_zeta0.27.rda"
"9","./modsDDFlatT45N150A0-1AS2K0.1N28//datGen_xi0.5_zeta0.29.rda"
"10","./modsDDFlatT45N150A0-1AS2K0.1N28//datGen_xi2.23_zeta0.68.rda"
"10","./modsDDFlatT45N150A0-1AS2K0.1N28//datGen_xi2.1_zeta0.66.rda"
"10","./modsDDFlatT45N150A0-1AS2K0.1N28//datGen_xi1.84_zeta0.65.rda"
"10","./modsDDFlatT45N150A0-1AS2K0.1N28//datGen_xi1.71_zeta0.64.rda"
"10","./modsDDFlatT45N150A0-1AS2K0.1N28//datGen_xi1.97_zeta0.69.rda"
"11","./modsDDFlatT45N150A0-1AS2K0.1N28//datGen_xi1.54_zeta0.65.rda"
"11","./modsDDFlatT45N150A0-1AS2K0.1N28//datGen_xi1.67_zeta0.69.rda"
"11","./modsDDFlatT45N150A0-1AS2K0.1N28//datGen_xi1.28_zeta0.68.rda"
"11","./modsDDFlatT45N150A0-1AS2K0.1N28//datGen_xi1.8_zeta0.67.rda"
"11","./modsDDFlatT45N150A0-1AS2K0.1N28//datGen_xi1.41_zeta0.64.rda"
"12","./modsDDFlatT45N150A0-1AS2K0.1N28//datGen_xi1.31_zeta0.53.rda"
"12","./modsDDFlatT45N150A0-1AS2K0.1N28//datGen_xi1.19_zeta0.52.rda"
"12","./modsDDFlatT45N150A0-1AS2K0.1N28//datGen_xi1.07_zeta0.55.rda"
"12","./modsDDFlatT45N150A0-1AS2K0.1N28//datGen_xi1.43_zeta0.5.rda"
"12","./modsDDFlatT45N150A0-1AS2K0.1N28//datGen_xi0.95_zeta0.57.rda"
"13","./modsDDFlatT45N150A0-1AS2K0.1N28//datGen_xi0.51_zeta0.44.rda"
"13","./modsDDFlatT45N150A0-1AS2K0.1N28//datGen_xi0.25_zeta0.49.rda"
"13","./modsDDFlatT45N150A0-1AS2K0.1N28//datGen_xi0.45_zeta0.45.rda"
"13","./modsDDFlatT45N150A0-1AS2K0.1N28//datGen_xi0.38_zeta0.47.rda"
"13","./modsDDFlatT45N150A0-1AS2K0.1N28//datGen_xi0.32_zeta0.51.rda"
"14","./modsDDFlatT45N150A0-1AS2K0.1N28//datGen_xi3.15_zeta0.37.rda"
"14","./modsDDFlatT45N150A0-1AS2K0.1N28//datGen_xi3.03_zeta0.39.rda"
"14","./modsDDFlatT45N150A0-1AS2K0.1N28//datGen_xi2.79_zeta0.34.rda"
"14","./modsDDFlatT45N150A0-1AS2K0.1N28//datGen_xi3.27_zeta0.35.rda"
"15","./modsDDFlatT45N150A0-1AS2K0.1N28//datGen_xi2.66_zeta0.49.rda"
"15","./modsDDFlatT45N150A0-1AS2K0.1N28//datGen_xi2.89_zeta0.47.rda"
"15","./modsDDFlatT45N150A0-1AS2K0.1N28//datGen_xi2.54_zeta0.45.rda"
"15","./modsDDFlatT45N150A0-1AS2K0.1N28//datGen_xi3_zeta0.51.rda"
"15","./modsDDFlatT45N150A0-1AS2K0.1N28//datGen_xi2.77_zeta0.52.rda"
"16","./modsDDFlatT45N150A0-1AS2K0.1N28//datGen_xi0.31_zeta0.64.rda"
"16","./modsDDFlatT45N150A0-1AS2K0.1N28//datGen_xi0.49_zeta0.68.rda"
"16","./modsDDFlatT45N150A0-1AS2K0.1N28//datGen_xi0.37_zeta0.61.rda"
"16","./modsDDFlatT45N150A0-1AS2K0.1N28//datGen_xi0.43_zeta0.66.rda"
"16","./modsDDFlatT45N150A0-1AS2K0.1N28//datGen_xi0.25_zeta0.62.rda"
"17","./modsDDFlatT45N150A0-1AS2K0.1N28//datGen_xi1.92_zeta0.33.rda"
"17","./modsDDFlatT45N150A0-1AS2K0.1N28//datGen_xi2.14_zeta0.35.rda"
"17","./modsDDFlatT45N150A0-1AS2K0.1N28//datGen_xi2.03_zeta0.37.rda"
"17","./modsDDFlatT45N150A0-1AS2K0.1N28//datGen_xi1.81_zeta0.38.rda"
"17","./modsDDFlatT45N150A0-1AS2K0.1N28//datGen_xi1.7_zeta0.4.rda"
"18","./modsDDFlatT45N150A0-1AS2K0.1N28//datGen_xi2.16_zeta0.59.rda"
"18","./modsDDFlatT45N150A0-1AS2K0.1N28//datGen_xi1.72_zeta0.64.rda"
"18","./modsDDFlatT45N150A0-1AS2K0.1N28//datGen_xi1.94_zeta0.62.rda"
"18","./modsDDFlatT45N150A0-1AS2K0.1N28//datGen_xi1.83_zeta0.57.rda"
"18","./modsDDFlatT45N150A0-1AS2K0.1N28//datGen_xi2.05_zeta0.61.rda"
"19","./modsDDFlatT45N150A0-1AS2K0.1N28//datGen_xi1.92_zeta0.18.rda"
"19","./modsDDFlatT45N150A0-1AS2K0.1N28//datGen_xi2.25_zeta0.21.rda"
"19","./modsDDFlatT45N150A0-1AS2K0.1N28//datGen_xi2.03_zeta0.2.rda"
"19","./modsDDFlatT45N150A0-1AS2K0.1N28//datGen_xi2.36_zeta0.17.rda"
"20","./modsDDFlatT45N150A0-1AS2K0.1N28//datGen_xi3.22_zeta0.33.rda"
"20","./modsDDFlatT45N150A0-1AS2K0.1N28//datGen_xi3.01_zeta0.31.rda"
"20","./modsDDFlatT45N150A0-1AS2K0.1N28//datGen_xi2.8_zeta0.36.rda"
"20","./modsDDFlatT45N150A0-1AS2K0.1N28//datGen_xi2.91_zeta0.29.rda"
"20","./modsDDFlatT45N150A0-1AS2K0.1N28//datGen_xi3.12_zeta0.34.rda"
"21","./modsDDFlatT45N150A0-1AS2K0.1N28//datGen_xi2.68_zeta0.38.rda"
"21","./modsDDFlatT45N150A0-1AS2K0.1N28//datGen_xi2.58_zeta0.36.rda"
"21","./modsDDFlatT45N150A0-1AS2K0.1N28//datGen_xi2.99_zeta0.39.rda"
"21","./modsDDFlatT45N150A0-1AS2K0.1N28//datGen_xi2.79_zeta0.43.rda"
"21","./modsDDFlatT45N150A0-1AS2K0.1N28//datGen_xi2.89_zeta0.41.rda"
"22","./modsDDFlatT45N150A0-1AS2K0.1N28//datGen_xi1.02_zeta0.32.rda"
"22","./modsDDFlatT45N150A0-1AS2K0.1N28//datGen_xi1.12_zeta0.3.rda"
"22","./modsDDFlatT45N150A0-1AS2K0.1N28//datGen_xi1.23_zeta0.27.rda"
"22","./modsDDFlatT45N150A0-1AS2K0.1N28//datGen_xi1.33_zeta0.29.rda"
"22","./modsDDFlatT45N150A0-1AS2K0.1N28//datGen_xi0.92_zeta0.26.rda"
"23","./modsDDFlatT45N150A0-1AS2K0.1N28//datGen_xi0.88_zeta0.39.rda"
"23","./modsDDFlatT45N150A0-1AS2K0.1N28//datGen_xi1.08_zeta0.37.rda"
"23","./modsDDFlatT45N150A0-1AS2K0.1N28//datGen_xi0.78_zeta0.4.rda"
"23","./modsDDFlatT45N150A0-1AS2K0.1N28//datGen_xi1.18_zeta0.44.rda"
"23","./modsDDFlatT45N150A0-1AS2K0.1N28//datGen_xi0.98_zeta0.42.rda"
"24","./modsDDFlatT45N150A0-1AS2K0.1N28//datGen_xi2.23_zeta0.57.rda"
"24","./modsDDFlatT45N150A0-1AS2K0.1N28//datGen_xi2.63_zeta0.56.rda"
"24","./modsDDFlatT45N150A0-1AS2K0.1N28//datGen_xi2.33_zeta0.54.rda"
"24","./modsDDFlatT45N150A0-1AS2K0.1N28//datGen_xi2.43_zeta0.6.rda"
"24","./modsDDFlatT45N150A0-1AS2K0.1N28//datGen_xi2.53_zeta0.59.rda"
"25","./modsDDFlatT45N150A0-1AS2K0.1N28//datGen_xi3.48_zeta0.21.rda"
"25","./modsDDFlatT45N150A0-1AS2K0.1N28//datGen_xi3.64_zeta0.22.rda"
"25","./modsDDFlatT45N150A0-1AS2K0.1N28//datGen_xi3.53_zeta0.24.rda"
"25","./modsDDFlatT45N150A0-1AS2K0.1N28//datGen_xi3.59_zeta0.19.rda"
"25","./modsDDFlatT45N150A0-1AS2K0.1N28//datGen_xi3.7_zeta0.25.rda"
"26","./modsDDFlatT45N150A0-1AS2K0.1N28//datGen_xi3.64_zeta0.31.rda"
"26","./modsDDFlatT45N150A0-1AS2K0.1N28//datGen_xi3.7_zeta0.29.rda"
"26","./modsDDFlatT45N150A0-1AS2K0.1N28//datGen_xi3.53_zeta0.33.rda"
"26","./modsDDFlatT45N150A0-1AS2K0.1N28//datGen_xi3.59_zeta0.36.rda"
"26","./modsDDFlatT45N150A0-1AS2K0.1N28//datGen_xi3.48_zeta0.34.rda"
"27","./modsDDFlatT45N150A0-1AS2K0.1N28//datGen_xi0.4_zeta0.57.rda"
"27","./modsDDFlatT45N150A0-1AS2K0.1N28//datGen_xi0.79_zeta0.61.rda"
"27","./modsDDFlatT45N150A0-1AS2K0.1N28//datGen_xi0.69_zeta0.58.rda"
"27","./modsDDFlatT45N150A0-1AS2K0.1N28//datGen_xi0.6_zeta0.6.rda"
"27","./modsDDFlatT45N150A0-1AS2K0.1N28//datGen_xi0.5_zeta0.55.rda"
"28","./modsDDFlatT45N150A0-1AS2K0.1N28//datGen_xi3.42_zeta0.42.rda"
"28","./modsDDFlatT45N150A0-1AS2K0.1N28//datGen_xi3.32_zeta0.4.rda"
"28","./modsDDFlatT45N150A0-1AS2K0.1N28//datGen_xi3.52_zeta0.39.rda"
"28","./modsDDFlatT45N150A0-1AS2K0.1N28//datGen_xi3.23_zeta0.37.rda"
"28","./modsDDFlatT45N150A0-1AS2K0.1N28//datGen_xi3.62_zeta0.36.rda"
"1","./modsDDFlatT45N150A0-1AS2K0.1N56//datGen_xi3.35_zeta0.44.rda"
"1","./modsDDFlatT45N150A0-1AS2K0.1N56//datGen_xi3.59_zeta0.47.rda"
"1","./modsDDFlatT45N150A0-1AS2K0.1N56//datGen_xi3.43_zeta0.43.rda"
"1","./modsDDFlatT45N150A0-1AS2K0.1N56//datGen_xi3.51_zeta0.46.rda"
"1","./modsDDFlatT45N150A0-1AS2K0.1N56//datGen_xi3.67_zeta0.48.rda"
"2","./modsDDFlatT45N150A0-1AS2K0.1N56//datGen_xi2.09_zeta0.464.rda"
"2","./modsDDFlatT45N150A0-1AS2K0.1N56//datGen_xi1.542_zeta0.478.rda"
"2","./modsDDFlatT45N150A0-1AS2K0.1N56//datGen_xi1.816_zeta0.471.rda"
"2","./modsDDFlatT45N150A0-1AS2K0.1N56//datGen_xi1.953_zeta0.493.rda"
"2","./modsDDFlatT45N150A0-1AS2K0.1N56//datGen_xi1.679_zeta0.486.rda"
"3","./modsDDFlatT45N150A0-1AS2K0.1N56//datGen_xi3_zeta0.25.rda"
"3","./modsDDFlatT45N150A0-1AS2K0.1N56//datGen_xi3.26_zeta0.27.rda"
"3","./modsDDFlatT45N150A0-1AS2K0.1N56//datGen_xi2.88_zeta0.24.rda"
"3","./modsDDFlatT45N150A0-1AS2K0.1N56//datGen_xi3.13_zeta0.28.rda"
"3","./modsDDFlatT45N150A0-1AS2K0.1N56//datGen_xi2.75_zeta0.23.rda"
"4","./modsDDFlatT45N150A0-1AS2K0.1N56//datGen_xi0.45_zeta0.44.rda"
"4","./modsDDFlatT45N150A0-1AS2K0.1N56//datGen_xi0.52_zeta0.46.rda"
"4","./modsDDFlatT45N150A0-1AS2K0.1N56//datGen_xi0.38_zeta0.48.rda"
"4","./modsDDFlatT45N150A0-1AS2K0.1N56//datGen_xi0.32_zeta0.47.rda"
"4","./modsDDFlatT45N150A0-1AS2K0.1N56//datGen_xi0.25_zeta0.49.rda"
"5","./modsDDFlatT45N150A0-1AS2K0.1N56//datGen_xi1.57_zeta0.32.rda"
"5","./modsDDFlatT45N150A0-1AS2K0.1N56//datGen_xi1.81_zeta0.33.rda"
"5","./modsDDFlatT45N150A0-1AS2K0.1N56//datGen_xi1.69_zeta0.28.rda"
"5","./modsDDFlatT45N150A0-1AS2K0.1N56//datGen_xi1.45_zeta0.3.rda"
"5","./modsDDFlatT45N150A0-1AS2K0.1N56//datGen_xi1.93_zeta0.31.rda"
"6","./modsDDFlatT45N150A0-1AS2K0.1N56//datGen_xi0.54_zeta0.36.rda"
"6","./modsDDFlatT45N150A0-1AS2K0.1N56//datGen_xi0.35_zeta0.35.rda"
"6","./modsDDFlatT45N150A0-1AS2K0.1N56//datGen_xi0.44_zeta0.34.rda"
"6","./modsDDFlatT45N150A0-1AS2K0.1N56//datGen_xi0.64_zeta0.31.rda"
"6","./modsDDFlatT45N150A0-1AS2K0.1N56//datGen_xi0.25_zeta0.32.rda"
"7","./modsDDFlatT45N150A0-1AS2K0.1N56//datGen_xi1.55_zeta0.27.rda"
"7","./modsDDFlatT45N150A0-1AS2K0.1N56//datGen_xi1.67_zeta0.24.rda"
"7","./modsDDFlatT45N150A0-1AS2K0.1N56//datGen_xi2.02_zeta0.26.rda"
"7","./modsDDFlatT45N150A0-1AS2K0.1N56//datGen_xi1.9_zeta0.25.rda"
"7","./modsDDFlatT45N150A0-1AS2K0.1N56//datGen_xi1.78_zeta0.23.rda"
"8","./modsDDFlatT45N150A0-1AS2K0.1N56//datGen_xi1.11_zeta0.32.rda"
"8","./modsDDFlatT45N150A0-1AS2K0.1N56//datGen_xi1_zeta0.3.rda"
"8","./modsDDFlatT45N150A0-1AS2K0.1N56//datGen_xi0.78_zeta0.29.rda"
"8","./modsDDFlatT45N150A0-1AS2K0.1N56//datGen_xi0.89_zeta0.28.rda"
"8","./modsDDFlatT45N150A0-1AS2K0.1N56//datGen_xi0.67_zeta0.31.rda"
"9","./modsDDFlatT45N150A0-1AS2K0.1N56//datGen_xi3.2_zeta0.19.rda"
"9","./modsDDFlatT45N150A0-1AS2K0.1N56//datGen_xi3.42_zeta0.21.rda"
"9","./modsDDFlatT45N150A0-1AS2K0.1N56//datGen_xi3.53_zeta0.22.rda"
"9","./modsDDFlatT45N150A0-1AS2K0.1N56//datGen_xi3.09_zeta0.18.rda"
"9","./modsDDFlatT45N150A0-1AS2K0.1N56//datGen_xi3.31_zeta0.2.rda"
"10","./modsDDFlatT45N150A0-1AS2K0.1N56//datGen_xi2.34_zeta0.42.rda"
"10","./modsDDFlatT45N150A0-1AS2K0.1N56//datGen_xi2.23_zeta0.4.rda"
"10","./modsDDFlatT45N150A0-1AS2K0.1N56//datGen_xi2.13_zeta0.43.rda"
"10","./modsDDFlatT45N150A0-1AS2K0.1N56//datGen_xi2.45_zeta0.44.rda"
"10","./modsDDFlatT45N150A0-1AS2K0.1N56//datGen_xi2.55_zeta0.41.rda"
"11","./modsDDFlatT45N150A0-1AS2K0.1N56//datGen_xi2.96_zeta0.39.rda"
"11","./modsDDFlatT45N150A0-1AS2K0.1N56//datGen_xi3.16_zeta0.37.rda"
"11","./modsDDFlatT45N150A0-1AS2K0.1N56//datGen_xi2.75_zeta0.36.rda"
"11","./modsDDFlatT45N150A0-1AS2K0.1N56//datGen_xi3.06_zeta0.38.rda"
"11","./modsDDFlatT45N150A0-1AS2K0.1N56//datGen_xi2.86_zeta0.35.rda"
"12","./modsDDFlatT45N150A0-1AS2K0.1N56//datGen_xi2.513_zeta0.256.rda"
"12","./modsDDFlatT45N150A0-1AS2K0.1N56//datGen_xi2.314_zeta0.266.rda"
"12","./modsDDFlatT45N150A0-1AS2K0.1N56//datGen_xi2.214_zeta0.246.rda"
"12","./modsDDFlatT45N150A0-1AS2K0.1N56//datGen_xi2.613_zeta0.236.rda"
"12","./modsDDFlatT45N150A0-1AS2K0.1N56//datGen_xi2.414_zeta0.226.rda"
"13","./modsDDFlatT45N150A0-1AS2K0.1N56//datGen_xi1.4_zeta0.42.rda"
"13","./modsDDFlatT45N150A0-1AS2K0.1N56//datGen_xi1.7_zeta0.41.rda"
"13","./modsDDFlatT45N150A0-1AS2K0.1N56//datGen_xi1.8_zeta0.44.rda"
"13","./modsDDFlatT45N150A0-1AS2K0.1N56//datGen_xi1.5_zeta0.45.rda"
"13","./modsDDFlatT45N150A0-1AS2K0.1N56//datGen_xi1.6_zeta0.43.rda"
"14","./modsDDFlatT45N150A0-1AS2K0.1N56//datGen_xi0.643_zeta0.402.rda"
"14","./modsDDFlatT45N150A0-1AS2K0.1N56//datGen_xi0.447_zeta0.441.rda"
"14","./modsDDFlatT45N150A0-1AS2K0.1N56//datGen_xi0.741_zeta0.422.rda"
"14","./modsDDFlatT45N150A0-1AS2K0.1N56//datGen_xi0.839_zeta0.412.rda"
"14","./modsDDFlatT45N150A0-1AS2K0.1N56//datGen_xi0.545_zeta0.432.rda"
"15","./modsDDFlatT45N150A0-1AS2K0.1N56//datGen_xi0.677_zeta0.493.rda"
"15","./modsDDFlatT45N150A0-1AS2K0.1N56//datGen_xi0.581_zeta0.471.rda"
"15","./modsDDFlatT45N150A0-1AS2K0.1N56//datGen_xi0.871_zeta0.485.rda"
"15","./modsDDFlatT45N150A0-1AS2K0.1N56//datGen_xi0.968_zeta0.464.rda"
"15","./modsDDFlatT45N150A0-1AS2K0.1N56//datGen_xi0.774_zeta0.478.rda"
"16","./modsDDFlatT45N150A0-1AS2K0.1N56//datGen_xi1.516_zeta0.202.rda"
"16","./modsDDFlatT45N150A0-1AS2K0.1N56//datGen_xi1.319_zeta0.221.rda"
"16","./modsDDFlatT45N150A0-1AS2K0.1N56//datGen_xi1.22_zeta0.231.rda"
"16","./modsDDFlatT45N150A0-1AS2K0.1N56//datGen_xi1.418_zeta0.212.rda"
"16","./modsDDFlatT45N150A0-1AS2K0.1N56//datGen_xi1.615_zeta0.192.rda"
"17","./modsDDFlatT45N150A0-1AS2K0.1N56//datGen_xi2.423_zeta0.293.rda"
"17","./modsDDFlatT45N150A0-1AS2K0.1N56//datGen_xi2.519_zeta0.274.rda"
"17","./modsDDFlatT45N150A0-1AS2K0.1N56//datGen_xi2.806_zeta0.284.rda"
"17","./modsDDFlatT45N150A0-1AS2K0.1N56//datGen_xi2.71_zeta0.303.rda"
"17","./modsDDFlatT45N150A0-1AS2K0.1N56//datGen_xi2.615_zeta0.265.rda"
"18","./modsDDFlatT45N150A0-1AS2K0.1N56//datGen_xi2.877_zeta0.42.rda"
"18","./modsDDFlatT45N150A0-1AS2K0.1N56//datGen_xi3.163_zeta0.448.rda"
"18","./modsDDFlatT45N150A0-1AS2K0.1N56//datGen_xi3.068_zeta0.429.rda"
"18","./modsDDFlatT45N150A0-1AS2K0.1N56//datGen_xi3.258_zeta0.439.rda"
"18","./modsDDFlatT45N150A0-1AS2K0.1N56//datGen_xi2.973_zeta0.41.rda"
"19","./modsDDFlatT45N150A0-1AS2K0.1N56//datGen_xi2.381_zeta0.444.rda"
"19","./modsDDFlatT45N150A0-1AS2K0.1N56//datGen_xi2.477_zeta0.454.rda"
"19","./modsDDFlatT45N150A0-1AS2K0.1N56//datGen_xi2.094_zeta0.483.rda"
"19","./modsDDFlatT45N150A0-1AS2K0.1N56//datGen_xi2.286_zeta0.464.rda"
"19","./modsDDFlatT45N150A0-1AS2K0.1N56//datGen_xi2.19_zeta0.473.rda"
"20","./modsDDFlatT45N150A0-1AS2K0.1N56//datGen_xi2.501_zeta0.168.rda"
"20","./modsDDFlatT45N150A0-1AS2K0.1N56//datGen_xi2.122_zeta0.187.rda"
"20","./modsDDFlatT45N150A0-1AS2K0.1N56//datGen_xi2.311_zeta0.206.rda"
"20","./modsDDFlatT45N150A0-1AS2K0.1N56//datGen_xi2.217_zeta0.197.rda"
"20","./modsDDFlatT45N150A0-1AS2K0.1N56//datGen_xi2.406_zeta0.178.rda"
"21","./modsDDFlatT45N150A0-1AS2K0.1N56//datGen_xi2.583_zeta0.352.rda"
"21","./modsDDFlatT45N150A0-1AS2K0.1N56//datGen_xi2.488_zeta0.361.rda"
"21","./modsDDFlatT45N150A0-1AS2K0.1N56//datGen_xi2.298_zeta0.38.rda"
"21","./modsDDFlatT45N150A0-1AS2K0.1N56//datGen_xi2.202_zeta0.371.rda"
"21","./modsDDFlatT45N150A0-1AS2K0.1N56//datGen_xi2.393_zeta0.39.rda"
"22","./modsDDFlatT45N150A0-1AS2K0.1N56//datGen_xi1.038_zeta0.448.rda"
"22","./modsDDFlatT45N150A0-1AS2K0.1N56//datGen_xi1.41_zeta0.438.rda"
"22","./modsDDFlatT45N150A0-1AS2K0.1N56//datGen_xi1.317_zeta0.457.rda"
"22","./modsDDFlatT45N150A0-1AS2K0.1N56//datGen_xi1.224_zeta0.476.rda"
"22","./modsDDFlatT45N150A0-1AS2K0.1N56//datGen_xi1.131_zeta0.466.rda"
"23","./modsDDFlatT45N150A0-1AS2K0.1N56//datGen_xi3.066_zeta0.322.rda"
"23","./modsDDFlatT45N150A0-1AS2K0.1N56//datGen_xi2.974_zeta0.349.rda"
"23","./modsDDFlatT45N150A0-1AS2K0.1N56//datGen_xi2.883_zeta0.331.rda"
"23","./modsDDFlatT45N150A0-1AS2K0.1N56//datGen_xi3.157_zeta0.313.rda"
"23","./modsDDFlatT45N150A0-1AS2K0.1N56//datGen_xi2.792_zeta0.34.rda"
"24","./modsDDFlatT45N150A0-1AS2K0.1N56//datGen_xi3.083_zeta0.493.rda"
"24","./modsDDFlatT45N150A0-1AS2K0.1N56//datGen_xi2.99_zeta0.485.rda"
"24","./modsDDFlatT45N150A0-1AS2K0.1N56//datGen_xi2.898_zeta0.478.rda"
"24","./modsDDFlatT45N150A0-1AS2K0.1N56//datGen_xi3.268_zeta0.471.rda"
"24","./modsDDFlatT45N150A0-1AS2K0.1N56//datGen_xi3.175_zeta0.463.rda"
"25","./modsDDFlatT45N150A0-1AS2K0.1N56//datGen_xi3.62_zeta0.388.rda"
"25","./modsDDFlatT45N150A0-1AS2K0.1N56//datGen_xi3.354_zeta0.371.rda"
"25","./modsDDFlatT45N150A0-1AS2K0.1N56//datGen_xi3.265_zeta0.362.rda"
"26","./modsDDFlatT45N150A0-1AS2K0.1N56//datGen_xi1.152_zeta0.35.rda"
"26","./modsDDFlatT45N150A0-1AS2K0.1N56//datGen_xi1.331_zeta0.341.rda"
"26","./modsDDFlatT45N150A0-1AS2K0.1N56//datGen_xi1.421_zeta0.323.rda"
"26","./modsDDFlatT45N150A0-1AS2K0.1N56//datGen_xi1.242_zeta0.332.rda"
"26","./modsDDFlatT45N150A0-1AS2K0.1N56//datGen_xi1.511_zeta0.314.rda"
"27","./modsDDFlatT45N150A0-1AS2K0.1N56//datGen_xi3.224_zeta0.201.rda"
"27","./modsDDFlatT45N150A0-1AS2K0.1N56//datGen_xi3.138_zeta0.219.rda"
"27","./modsDDFlatT45N150A0-1AS2K0.1N56//datGen_xi3.31_zeta0.21.rda"
"27","./modsDDFlatT45N150A0-1AS2K0.1N56//datGen_xi2.965_zeta0.227.rda"
"27","./modsDDFlatT45N150A0-1AS2K0.1N56//datGen_xi3.051_zeta0.236.rda"
"28","./modsDDFlatT45N150A0-1AS2K0.1N56//datGen_xi3.592_zeta0.461.rda"
"28","./modsDDFlatT45N150A0-1AS2K0.1N56//datGen_xi3.645_zeta0.435.rda"
"28","./modsDDFlatT45N150A0-1AS2K0.1N56//datGen_xi3.487_zeta0.427.rda"
"28","./modsDDFlatT45N150A0-1AS2K0.1N56//datGen_xi3.697_zeta0.453.rda"
"28","./modsDDFlatT45N150A0-1AS2K0.1N56//datGen_xi3.539_zeta0.444.rda"
"1","./modsDDFlatT45N150A0-1AS2K0.1N84//datGen_xi2.072_zeta0.193.rda"
"1","./modsDDFlatT45N150A0-1AS2K0.1N84//datGen_xi2.247_zeta0.184.rda"
"1","./modsDDFlatT45N150A0-1AS2K0.1N84//datGen_xi2.334_zeta0.176.rda"
"2","./modsDDFlatT45N150A0-1AS2K0.1N84//datGen_xi1.593_zeta0.352.rda"
"2","./modsDDFlatT45N150A0-1AS2K0.1N84//datGen_xi1.937_zeta0.344.rda"
"2","./modsDDFlatT45N150A0-1AS2K0.1N84//datGen_xi1.851_zeta0.361.rda"
"2","./modsDDFlatT45N150A0-1AS2K0.1N84//datGen_xi1.679_zeta0.369.rda"
"2","./modsDDFlatT45N150A0-1AS2K0.1N84//datGen_xi1.765_zeta0.378.rda"
"3","./modsDDFlatT45N150A0-1AS2K0.1N84//datGen_xi3.649_zeta0.392.rda"
"3","./modsDDFlatT45N150A0-1AS2K0.1N84//datGen_xi3.548_zeta0.418.rda"
"3","./modsDDFlatT45N150A0-1AS2K0.1N84//datGen_xi3.699_zeta0.401.rda"
"3","./modsDDFlatT45N150A0-1AS2K0.1N84//datGen_xi3.598_zeta0.427.rda"
"3","./modsDDFlatT45N150A0-1AS2K0.1N84//datGen_xi3.497_zeta0.41.rda"
"4","./modsDDFlatT45N150A0-1AS2K0.1N84//datGen_xi0.962_zeta0.321.rda"
"4","./modsDDFlatT45N150A0-1AS2K0.1N84//datGen_xi0.877_zeta0.312.rda"
"4","./modsDDFlatT45N150A0-1AS2K0.1N84//datGen_xi0.705_zeta0.329.rda"
"4","./modsDDFlatT45N150A0-1AS2K0.1N84//datGen_xi0.791_zeta0.304.rda"
"4","./modsDDFlatT45N150A0-1AS2K0.1N84//datGen_xi1.048_zeta0.295.rda"
"5","./modsDDFlatT45N150A0-1AS2K0.1N84//datGen_xi1.042_zeta0.394.rda"
"5","./modsDDFlatT45N150A0-1AS2K0.1N84//datGen_xi1.127_zeta0.411.rda"
"5","./modsDDFlatT45N150A0-1AS2K0.1N84//datGen_xi1.383_zeta0.403.rda"
"5","./modsDDFlatT45N150A0-1AS2K0.1N84//datGen_xi1.212_zeta0.42.rda"
"5","./modsDDFlatT45N150A0-1AS2K0.1N84//datGen_xi1.297_zeta0.428.rda"
"6","./modsDDFlatT45N150A0-1AS2K0.1N84//datGen_xi2.71_zeta0.475.rda"
"6","./modsDDFlatT45N150A0-1AS2K0.1N84//datGen_xi2.793_zeta0.466.rda"
"6","./modsDDFlatT45N150A0-1AS2K0.1N84//datGen_xi2.544_zeta0.45.rda"
"7","./modsDDFlatT45N150A0-1AS2K0.1N84//datGen_xi0.324_zeta0.404.rda"
"7","./modsDDFlatT45N150A0-1AS2K0.1N84//datGen_xi0.573_zeta0.396.rda"
"7","./modsDDFlatT45N150A0-1AS2K0.1N84//datGen_xi0.49_zeta0.429.rda"
"7","./modsDDFlatT45N150A0-1AS2K0.1N84//datGen_xi0.407_zeta0.421.rda"
"7","./modsDDFlatT45N150A0-1AS2K0.1N84//datGen_xi0.655_zeta0.413.rda"
"8","./modsDDFlatT45N150A0-1AS2K0.1N84//datGen_xi1.94_zeta0.493.rda"
"8","./modsDDFlatT45N150A0-1AS2K0.1N84//datGen_xi1.775_zeta0.464.rda"
"8","./modsDDFlatT45N150A0-1AS2K0.1N84//datGen_xi1.857_zeta0.479.rda"
"8","./modsDDFlatT45N150A0-1AS2K0.1N84//datGen_xi1.693_zeta0.486.rda"
"8","./modsDDFlatT45N150A0-1AS2K0.1N84//datGen_xi2.022_zeta0.471.rda"
"9","./modsDDFlatT45N150A0-1AS2K0.1N84//datGen_xi2.752_zeta0.285.rda"
"9","./modsDDFlatT45N150A0-1AS2K0.1N84//datGen_xi2.996_zeta0.26.rda"
"9","./modsDDFlatT45N150A0-1AS2K0.1N84//datGen_xi2.834_zeta0.277.rda"
"9","./modsDDFlatT45N150A0-1AS2K0.1N84//datGen_xi3.078_zeta0.268.rda"
"9","./modsDDFlatT45N150A0-1AS2K0.1N84//datGen_xi2.915_zeta0.252.rda"
"10","./modsDDFlatT45N150A0-1AS2K0.1N84//datGen_xi3.576_zeta0.32.rda"
"10","./modsDDFlatT45N150A0-1AS2K0.1N84//datGen_xi3.707_zeta0.353.rda"
"10","./modsDDFlatT45N150A0-1AS2K0.1N84//datGen_xi3.663_zeta0.337.rda"
"10","./modsDDFlatT45N150A0-1AS2K0.1N84//datGen_xi3.533_zeta0.345.rda"
"11","./modsDDFlatT45N150A0-1AS2K0.1N84//datGen_xi3.662_zeta0.208.rda"
"11","./modsDDFlatT45N150A0-1AS2K0.1N84//datGen_xi3.573_zeta0.2.rda"
"11","./modsDDFlatT45N150A0-1AS2K0.1N84//datGen_xi3.617_zeta0.216.rda"
"12","./modsDDFlatT45N150A0-1AS2K0.1N84//datGen_xi1.791_zeta0.327.rda"
"12","./modsDDFlatT45N150A0-1AS2K0.1N84//datGen_xi1.549_zeta0.311.rda"
"12","./modsDDFlatT45N150A0-1AS2K0.1N84//datGen_xi1.63_zeta0.319.rda"
"12","./modsDDFlatT45N150A0-1AS2K0.1N84//datGen_xi1.872_zeta0.303.rda"
"12","./modsDDFlatT45N150A0-1AS2K0.1N84//datGen_xi1.711_zeta0.295.rda"
"13","./modsDDFlatT45N150A0-1AS2K0.1N84//datGen_xi3.635_zeta0.278.rda"
"13","./modsDDFlatT45N150A0-1AS2K0.1N84//datGen_xi3.555_zeta0.27.rda"
"13","./modsDDFlatT45N150A0-1AS2K0.1N84//datGen_xi3.316_zeta0.286.rda"
"13","./modsDDFlatT45N150A0-1AS2K0.1N84//datGen_xi3.475_zeta0.294.rda"
"14","./modsDDFlatT45N150A0-1AS2K0.1N84//datGen_xi2.645_zeta0.17.rda"
"14","./modsDDFlatT45N150A0-1AS2K0.1N84//datGen_xi2.966_zeta0.15.rda"
"14","./modsDDFlatT45N150A0-1AS2K0.1N84//datGen_xi2.886_zeta0.163.rda"
"14","./modsDDFlatT45N150A0-1AS2K0.1N84//datGen_xi2.725_zeta0.176.rda"
"14","./modsDDFlatT45N150A0-1AS2K0.1N84//datGen_xi2.806_zeta0.157.rda"
"15","./modsDDFlatT45N150A0-1AS2K0.1N84//datGen_xi2.05_zeta0.173.rda"
"15","./modsDDFlatT45N150A0-1AS2K0.1N84//datGen_xi2.287_zeta0.189.rda"
"15","./modsDDFlatT45N150A0-1AS2K0.1N84//datGen_xi2.129_zeta0.181.rda"
"15","./modsDDFlatT45N150A0-1AS2K0.1N84//datGen_xi2.208_zeta0.165.rda"
"16","./modsDDFlatT45N150A0-1AS2K0.1N84//datGen_xi3.487_zeta0.491.rda"
"16","./modsDDFlatT45N150A0-1AS2K0.1N84//datGen_xi3.25_zeta0.496.rda"
"17","./modsDDFlatT45N150A0-1AS2K0.1N84//datGen_xi0.943_zeta0.27.rda"
"17","./modsDDFlatT45N150A0-1AS2K0.1N84//datGen_xi1.021_zeta0.263.rda"
"17","./modsDDFlatT45N150A0-1AS2K0.1N84//datGen_xi1.256_zeta0.286.rda"
"17","./modsDDFlatT45N150A0-1AS2K0.1N84//datGen_xi1.178_zeta0.278.rda"
"17","./modsDDFlatT45N150A0-1AS2K0.1N84//datGen_xi1.1_zeta0.255.rda"
"18","./modsDDFlatT45N150A0-1AS2K0.1N84//datGen_xi1.854_zeta0.376.rda"
"18","./modsDDFlatT45N150A0-1AS2K0.1N84//datGen_xi2.089_zeta0.384.rda"
"18","./modsDDFlatT45N150A0-1AS2K0.1N84//datGen_xi2.167_zeta0.4.rda"
"18","./modsDDFlatT45N150A0-1AS2K0.1N84//datGen_xi2.011_zeta0.392.rda"
"18","./modsDDFlatT45N150A0-1AS2K0.1N84//datGen_xi1.932_zeta0.407.rda"
"19","./modsDDFlatT45N150A0-1AS2K0.1N84//datGen_xi3.529_zeta0.383.rda"
"19","./modsDDFlatT45N150A0-1AS2K0.1N84//datGen_xi3.451_zeta0.375.rda"
"19","./modsDDFlatT45N150A0-1AS2K0.1N84//datGen_xi3.218_zeta0.391.rda"
"20","./modsDDFlatT45N150A0-1AS2K0.1N84//datGen_xi3.118_zeta0.444.rda"
"20","./modsDDFlatT45N150A0-1AS2K0.1N84//datGen_xi2.962_zeta0.436.rda"
"20","./modsDDFlatT45N150A0-1AS2K0.1N84//datGen_xi2.884_zeta0.428.rda"
"20","./modsDDFlatT45N150A0-1AS2K0.1N84//datGen_xi3.196_zeta0.413.rda"
"21","./modsDDFlatT45N150A0-1AS2K0.1N84//datGen_xi1.772_zeta0.257.rda"
"21","./modsDDFlatT45N150A0-1AS2K0.1N84//datGen_xi1.694_zeta0.241.rda"
"21","./modsDDFlatT45N150A0-1AS2K0.1N84//datGen_xi1.54_zeta0.265.rda"
"21","./modsDDFlatT45N150A0-1AS2K0.1N84//datGen_xi1.617_zeta0.272.rda"
"21","./modsDDFlatT45N150A0-1AS2K0.1N84//datGen_xi1.849_zeta0.249.rda"
"22","./modsDDFlatT45N150A0-1AS2K0.1N84//datGen_xi0.531_zeta0.289.rda"
"22","./modsDDFlatT45N150A0-1AS2K0.1N84//datGen_xi0.607_zeta0.281.rda"
"22","./modsDDFlatT45N150A0-1AS2K0.1N84//datGen_xi0.76_zeta0.273.rda"
"22","./modsDDFlatT45N150A0-1AS2K0.1N84//datGen_xi0.683_zeta0.266.rda"
"22","./modsDDFlatT45N150A0-1AS2K0.1N84//datGen_xi0.836_zeta0.258.rda"
"23","./modsDDFlatT45N150A0-1AS2K0.1N84//datGen_xi1.483_zeta0.38.rda"
"23","./modsDDFlatT45N150A0-1AS2K0.1N84//datGen_xi1.407_zeta0.402.rda"
"23","./modsDDFlatT45N150A0-1AS2K0.1N84//datGen_xi1.558_zeta0.41.rda"
"23","./modsDDFlatT45N150A0-1AS2K0.1N84//datGen_xi1.709_zeta0.395.rda"
"23","./modsDDFlatT45N150A0-1AS2K0.1N84//datGen_xi1.633_zeta0.387.rda"
"24","./modsDDFlatT45N150A0-1AS2K0.1N84//datGen_xi1.338_zeta0.368.rda"
"24","./modsDDFlatT45N150A0-1AS2K0.1N84//datGen_xi1.489_zeta0.383.rda"
"24","./modsDDFlatT45N150A0-1AS2K0.1N84//datGen_xi1.413_zeta0.36.rda"
"24","./modsDDFlatT45N150A0-1AS2K0.1N84//datGen_xi1.263_zeta0.375.rda"
"24","./modsDDFlatT45N150A0-1AS2K0.1N84//datGen_xi1.187_zeta0.39.rda"
"25","./modsDDFlatT45N150A0-1AS2K0.1N84//datGen_xi2.461_zeta0.228.rda"
"25","./modsDDFlatT45N150A0-1AS2K0.1N84//datGen_xi2.385_zeta0.25.rda"
"25","./modsDDFlatT45N150A0-1AS2K0.1N84//datGen_xi2.309_zeta0.258.rda"
"25","./modsDDFlatT45N150A0-1AS2K0.1N84//datGen_xi2.537_zeta0.243.rda"
"25","./modsDDFlatT45N150A0-1AS2K0.1N84//datGen_xi2.233_zeta0.235.rda"
"26","./modsDDFlatT45N150A0-1AS2K0.1N84//datGen_xi3.414_zeta0.25.rda"
"26","./modsDDFlatT45N150A0-1AS2K0.1N84//datGen_xi3.487_zeta0.257.rda"
"26","./modsDDFlatT45N150A0-1AS2K0.1N84//datGen_xi3.632_zeta0.235.rda"
"26","./modsDDFlatT45N150A0-1AS2K0.1N84//datGen_xi3.341_zeta0.228.rda"
"26","./modsDDFlatT45N150A0-1AS2K0.1N84//datGen_xi3.56_zeta0.242.rda"
"27","./modsDDFlatT45N150A0-1AS2K0.1N84//datGen_xi3.143_zeta0.302.rda"
"27","./modsDDFlatT45N150A0-1AS2K0.1N84//datGen_xi3.291_zeta0.309.rda"
"27","./modsDDFlatT45N150A0-1AS2K0.1N84//datGen_xi3.365_zeta0.294.rda"
"27","./modsDDFlatT45N150A0-1AS2K0.1N84//datGen_xi3.217_zeta0.287.rda"
"28","./modsDDFlatT45N150A0-1AS2K0.1N84//datGen_xi3.101_zeta0.15.rda"
"28","./modsDDFlatT45N150A0-1AS2K0.1N84//datGen_xi3.32_zeta0.154.rda"
"28","./modsDDFlatT45N150A0-1AS2K0.1N84//datGen_xi3.174_zeta0.159.rda"
"28","./modsDDFlatT45N150A0-1AS2K0.1N84//datGen_xi3.028_zeta0.163.rda"
"28","./modsDDFlatT45N150A0-1AS2K0.1N84//datGen_xi3.247_zeta0.168.rda"
"29","./modsDDFlatT45N150A0-1AS2K0.1N84//datGen_xi0.36_zeta0.6.rda"
"29","./modsDDFlatT45N150A0-1AS2K0.1N84//datGen_xi0.47_zeta0.63.rda"
"29","./modsDDFlatT45N150A0-1AS2K0.1N84//datGen_xi0.25_zeta0.65.rda"
"29","./modsDDFlatT45N150A0-1AS2K0.1N84//datGen_xi0.41_zeta0.62.rda"
"29","./modsDDFlatT45N150A0-1AS2K0.1N84//datGen_xi0.3_zeta0.66.rda"
"30","./modsDDFlatT45N150A0-1AS2K0.1N84//datGen_xi0.364_zeta0.667.rda"
"30","./modsDDFlatT45N150A0-1AS2K0.1N84//datGen_xi0.461_zeta0.675.rda"
"30","./modsDDFlatT45N150A0-1AS2K0.1N84//datGen_xi0.558_zeta0.659.rda"
"30","./modsDDFlatT45N150A0-1AS2K0.1N84//datGen_xi0.752_zeta0.684.rda"
"30","./modsDDFlatT45N150A0-1AS2K0.1N84//datGen_xi0.655_zeta0.692.rda"
"31","./modsDDFlatT45N150A0-1AS2K0.1N84//datGen_xi2.653_zeta0.68.rda"
"31","./modsDDFlatT45N150A0-1AS2K0.1N84//datGen_xi2.845_zeta0.67.rda"
"31","./modsDDFlatT45N150A0-1AS2K0.1N84//datGen_xi2.461_zeta0.69.rda"
"31","./modsDDFlatT45N150A0-1AS2K0.1N84//datGen_xi2.749_zeta0.661.rda"
"31","./modsDDFlatT45N150A0-1AS2K0.1N84//datGen_xi2.557_zeta0.651.rda"
"32","./modsDDFlatT45N150A0-1AS2K0.1N84//datGen_xi1.45_zeta0.61.rda"
"32","./modsDDFlatT45N150A0-1AS2K0.1N84//datGen_xi1.35_zeta0.64.rda"
"32","./modsDDFlatT45N150A0-1AS2K0.1N84//datGen_xi1.55_zeta0.59.rda"
"32","./modsDDFlatT45N150A0-1AS2K0.1N84//datGen_xi1.74_zeta0.62.rda"
"32","./modsDDFlatT45N150A0-1AS2K0.1N84//datGen_xi1.64_zeta0.58.rda"
"33","./modsDDFlatT45N150A0-1AS2K0.1N84//datGen_xi2.32_zeta0.5.rda"
"33","./modsDDFlatT45N150A0-1AS2K0.1N84//datGen_xi2.23_zeta0.53.rda"
"33","./modsDDFlatT45N150A0-1AS2K0.1N84//datGen_xi2.14_zeta0.54.rda"
"33","./modsDDFlatT45N150A0-1AS2K0.1N84//datGen_xi1.95_zeta0.51.rda"
"33","./modsDDFlatT45N150A0-1AS2K0.1N84//datGen_xi2.04_zeta0.56.rda"
"34","./modsDDFlatT45N150A0-1AS2K0.1N84//datGen_xi3.51_zeta0.57.rda"
"34","./modsDDFlatT45N150A0-1AS2K0.1N84//datGen_xi3.6_zeta0.55.rda"
"34","./modsDDFlatT45N150A0-1AS2K0.1N84//datGen_xi3.33_zeta0.54.rda"
"34","./modsDDFlatT45N150A0-1AS2K0.1N84//datGen_xi3.24_zeta0.6.rda"
"34","./modsDDFlatT45N150A0-1AS2K0.1N84//datGen_xi3.42_zeta0.58.rda"
"35","./modsDDFlatT45N150A0-1AS2K0.1N84//datGen_xi1.04_zeta0.51.rda"
"35","./modsDDFlatT45N150A0-1AS2K0.1N84//datGen_xi0.68_zeta0.52.rda"
"35","./modsDDFlatT45N150A0-1AS2K0.1N84//datGen_xi0.77_zeta0.54.rda"
"35","./modsDDFlatT45N150A0-1AS2K0.1N84//datGen_xi0.95_zeta0.49.rda"
"35","./modsDDFlatT45N150A0-1AS2K0.1N84//datGen_xi0.86_zeta0.55.rda"
"36","./modsDDFlatT45N150A0-1AS2K0.1N84//datGen_xi3.38_zeta0.66.rda"
"36","./modsDDFlatT45N150A0-1AS2K0.1N84//datGen_xi3.47_zeta0.64.rda"
"36","./modsDDFlatT45N150A0-1AS2K0.1N84//datGen_xi3.64_zeta0.63.rda"
"36","./modsDDFlatT45N150A0-1AS2K0.1N84//datGen_xi3.29_zeta0.67.rda"
"36","./modsDDFlatT45N150A0-1AS2K0.1N84//datGen_xi3.56_zeta0.61.rda"
"37","./modsDDFlatT45N150A0-1AS2K0.1N84//datGen_xi1.256_zeta0.669.rda"
"37","./modsDDFlatT45N150A0-1AS2K0.1N84//datGen_xi1.599_zeta0.677.rda"
"37","./modsDDFlatT45N150A0-1AS2K0.1N84//datGen_xi1.514_zeta0.692.rda"
"37","./modsDDFlatT45N150A0-1AS2K0.1N84//datGen_xi1.342_zeta0.685.rda"
"37","./modsDDFlatT45N150A0-1AS2K0.1N84//datGen_xi1.428_zeta0.662.rda"
"38","./modsDDFlatT45N150A0-1AS2K0.1N84//datGen_xi3.65_zeta0.53.rda"
"38","./modsDDFlatT45N150A0-1AS2K0.1N84//datGen_xi3.56_zeta0.55.rda"
"38","./modsDDFlatT45N150A0-1AS2K0.1N84//datGen_xi3.51_zeta0.52.rda"
"38","./modsDDFlatT45N150A0-1AS2K0.1N84//datGen_xi3.61_zeta0.51.rda"
"38","./modsDDFlatT45N150A0-1AS2K0.1N84//datGen_xi3.7_zeta0.49.rda"
"39","./modsDDFlatT45N150A0-1AS2K0.1N84//datGen_xi2.45_zeta0.55.rda"
"39","./modsDDFlatT45N150A0-1AS2K0.1N84//datGen_xi2.37_zeta0.54.rda"
"39","./modsDDFlatT45N150A0-1AS2K0.1N84//datGen_xi2.54_zeta0.57.rda"
"39","./modsDDFlatT45N150A0-1AS2K0.1N84//datGen_xi2.29_zeta0.59.rda"
"39","./modsDDFlatT45N150A0-1AS2K0.1N84//datGen_xi2.2_zeta0.58.rda"
"40","./modsDDFlatT45N150A0-1AS2K0.1N84//datGen_xi0.83_zeta0.65.rda"
"40","./modsDDFlatT45N150A0-1AS2K0.1N84//datGen_xi0.75_zeta0.61.rda"
"40","./modsDDFlatT45N150A0-1AS2K0.1N84//datGen_xi0.67_zeta0.6.rda"
"40","./modsDDFlatT45N150A0-1AS2K0.1N84//datGen_xi0.51_zeta0.63.rda"
"40","./modsDDFlatT45N150A0-1AS2K0.1N84//datGen_xi0.59_zeta0.64.rda"
"41","./modsDDFlatT45N150A0-1AS2K0.1N84//datGen_xi1.33_zeta0.57.rda"
"41","./modsDDFlatT45N150A0-1AS2K0.1N84//datGen_xi1.57_zeta0.54.rda"
"41","./modsDDFlatT45N150A0-1AS2K0.1N84//datGen_xi1.41_zeta0.56.rda"
"41","./modsDDFlatT45N150A0-1AS2K0.1N84//datGen_xi1.65_zeta0.52.rda"
"41","./modsDDFlatT45N150A0-1AS2K0.1N84//datGen_xi1.49_zeta0.55.rda"
"42","./modsDDFlatT45N150A0-1AS2K0.1N84//datGen_xi3.63_zeta0.41.rda"
"42","./modsDDFlatT45N150A0-1AS2K0.1N84//datGen_xi3.67_zeta0.4.rda"
"42","./modsDDFlatT45N150A0-1AS2K0.1N84//datGen_xi3.59_zeta0.43.rda"
"42","./modsDDFlatT45N150A0-1AS2K0.1N84//datGen_xi3.56_zeta0.42.rda"
"42","./modsDDFlatT45N150A0-1AS2K0.1N84//datGen_xi3.71_zeta0.39.rda"
"43","./modsDDFlatT45N150A0-1AS2K0.1N84//datGen_xi0.94_zeta0.29.rda"
"43","./modsDDFlatT45N150A0-1AS2K0.1N84//datGen_xi1.01_zeta0.3.rda"
"43","./modsDDFlatT45N150A0-1AS2K0.1N84//datGen_xi0.72_zeta0.32.rda"
"43","./modsDDFlatT45N150A0-1AS2K0.1N84//datGen_xi0.87_zeta0.33.rda"
"43","./modsDDFlatT45N150A0-1AS2K0.1N84//datGen_xi0.79_zeta0.34.rda"
"44","./modsDDFlatT45N150A0-1AS2K0.1N84//datGen_xi0.42_zeta0.53.rda"
"44","./modsDDFlatT45N150A0-1AS2K0.1N84//datGen_xi0.25_zeta0.54.rda"
"44","./modsDDFlatT45N150A0-1AS2K0.1N84//datGen_xi0.29_zeta0.55.rda"
"44","./modsDDFlatT45N150A0-1AS2K0.1N84//datGen_xi0.33_zeta0.56.rda"
"44","./modsDDFlatT45N150A0-1AS2K0.1N84//datGen_xi0.37_zeta0.57.rda"
"45","./modsDDFlatT45N150A0-1AS2K0.1N84//datGen_xi2.3_zeta0.18.rda"
"45","./modsDDFlatT45N150A0-1AS2K0.1N84//datGen_xi2.15_zeta0.19.rda"
"45","./modsDDFlatT45N150A0-1AS2K0.1N84//datGen_xi2_zeta0.17.rda"
"46","./modsDDFlatT45N150A0-1AS2K0.1N84//datGen_xi2.5_zeta0.51.rda"
"46","./modsDDFlatT45N150A0-1AS2K0.1N84//datGen_xi2.72_zeta0.52.rda"
"46","./modsDDFlatT45N150A0-1AS2K0.1N84//datGen_xi2.43_zeta0.54.rda"
"46","./modsDDFlatT45N150A0-1AS2K0.1N84//datGen_xi2.58_zeta0.53.rda"
"46","./modsDDFlatT45N150A0-1AS2K0.1N84//datGen_xi2.65_zeta0.5.rda"
"47","./modsDDFlatT45N150A0-1AS2K0.1N84//datGen_xi2.91_zeta0.65.rda"
"47","./modsDDFlatT45N150A0-1AS2K0.1N84//datGen_xi2.77_zeta0.6.rda"
"47","./modsDDFlatT45N150A0-1AS2K0.1N84//datGen_xi2.62_zeta0.61.rda"
"47","./modsDDFlatT45N150A0-1AS2K0.1N84//datGen_xi2.84_zeta0.62.rda"
"47","./modsDDFlatT45N150A0-1AS2K0.1N84//datGen_xi2.69_zeta0.64.rda"
"48","./modsDDFlatT45N150A0-1AS2K0.1N84//datGen_xi0.97_zeta0.52.rda"
"48","./modsDDFlatT45N150A0-1AS2K0.1N84//datGen_xi1.12_zeta0.53.rda"
"48","./modsDDFlatT45N150A0-1AS2K0.1N84//datGen_xi0.83_zeta0.51.rda"
"48","./modsDDFlatT45N150A0-1AS2K0.1N84//datGen_xi1.04_zeta0.54.rda"
"48","./modsDDFlatT45N150A0-1AS2K0.1N84//datGen_xi0.9_zeta0.55.rda"
"49","./modsDDFlatT45N150A0-1AS2K0.1N84//datGen_xi1.85_zeta0.46.rda"
"49","./modsDDFlatT45N150A0-1AS2K0.1N84//datGen_xi1.71_zeta0.47.rda"
"49","./modsDDFlatT45N150A0-1AS2K0.1N84//datGen_xi1.92_zeta0.51.rda"
"49","./modsDDFlatT45N150A0-1AS2K0.1N84//datGen_xi1.99_zeta0.48.rda"
"49","./modsDDFlatT45N150A0-1AS2K0.1N84//datGen_xi1.78_zeta0.49.rda"
"50","./modsDDFlatT45N150A0-1AS2K0.1N84//datGen_xi0.25_zeta0.6.rda"
"50","./modsDDFlatT45N150A0-1AS2K0.1N84//datGen_xi0.41_zeta0.61.rda"
"50","./modsDDFlatT45N150A0-1AS2K0.1N84//datGen_xi0.37_zeta0.63.rda"
"50","./modsDDFlatT45N150A0-1AS2K0.1N84//datGen_xi0.33_zeta0.62.rda"
"50","./modsDDFlatT45N150A0-1AS2K0.1N84//datGen_xi0.29_zeta0.64.rda"
"51","./modsDDFlatT45N150A0-1AS2K0.1N84//datGen_xi2.95_zeta0.48.rda"
"51","./modsDDFlatT45N150A0-1AS2K0.1N84//datGen_xi2.74_zeta0.51.rda"
"51","./modsDDFlatT45N150A0-1AS2K0.1N84//datGen_xi2.81_zeta0.53.rda"
"51","./modsDDFlatT45N150A0-1AS2K0.1N84//datGen_xi3.02_zeta0.49.rda"
"51","./modsDDFlatT45N150A0-1AS2K0.1N84//datGen_xi2.88_zeta0.52.rda"
"52","./modsDDFlatT45N150A0-1AS2K0.1N84//datGen_xi1.62_zeta0.34.rda"
"52","./modsDDFlatT45N150A0-1AS2K0.1N84//datGen_xi1.76_zeta0.36.rda"
"52","./modsDDFlatT45N150A0-1AS2K0.1N84//datGen_xi1.9_zeta0.33.rda"
"52","./modsDDFlatT45N150A0-1AS2K0.1N84//datGen_xi1.83_zeta0.37.rda"
"52","./modsDDFlatT45N150A0-1AS2K0.1N84//datGen_xi1.69_zeta0.38.rda"
"53","./modsDDFlatT45N150A0-1AS2K0.1N84//datGen_xi1.05_zeta0.29.rda"
"53","./modsDDFlatT45N150A0-1AS2K0.1N84//datGen_xi1.18_zeta0.28.rda"
"53","./modsDDFlatT45N150A0-1AS2K0.1N84//datGen_xi1.11_zeta0.26.rda"
"53","./modsDDFlatT45N150A0-1AS2K0.1N84//datGen_xi0.98_zeta0.27.rda"
"53","./modsDDFlatT45N150A0-1AS2K0.1N84//datGen_xi1.25_zeta0.25.rda"
"54","./modsDDFlatT45N150A0-1AS2K0.1N84//datGen_xi2.89_zeta0.45.rda"
"54","./modsDDFlatT45N150A0-1AS2K0.1N84//datGen_xi2.76_zeta0.44.rda"
"54","./modsDDFlatT45N150A0-1AS2K0.1N84//datGen_xi2.82_zeta0.48.rda"
"54","./modsDDFlatT45N150A0-1AS2K0.1N84//datGen_xi2.69_zeta0.47.rda"
"54","./modsDDFlatT45N150A0-1AS2K0.1N84//datGen_xi2.62_zeta0.46.rda"
"55","./modsDDFlatT45N150A0-1AS2K0.1N84//datGen_xi2.06_zeta0.39.rda"
"55","./modsDDFlatT45N150A0-1AS2K0.1N84//datGen_xi1.85_zeta0.37.rda"
"55","./modsDDFlatT45N150A0-1AS2K0.1N84//datGen_xi2.12_zeta0.4.rda"
"55","./modsDDFlatT45N150A0-1AS2K0.1N84//datGen_xi1.99_zeta0.42.rda"
"55","./modsDDFlatT45N150A0-1AS2K0.1N84//datGen_xi1.92_zeta0.41.rda"
"56","./modsDDFlatT45N150A0-1AS2K0.1N84//datGen_xi2.93_zeta0.56.rda"
"56","./modsDDFlatT45N150A0-1AS2K0.1N84//datGen_xi2.72_zeta0.55.rda"
"56","./modsDDFlatT45N150A0-1AS2K0.1N84//datGen_xi2.66_zeta0.54.rda"
"56","./modsDDFlatT45N150A0-1AS2K0.1N84//datGen_xi2.86_zeta0.58.rda"
"56","./modsDDFlatT45N150A0-1AS2K0.1N84//datGen_xi2.79_zeta0.57.rda"
